%YAML:1.0
Scale: !!opencv-matrix
   rows: 1
   cols: 1
   dt: d
   data: [ 1. ]
TranslationVectorCam2IMU: !!opencv-matrix
   rows: 3
   cols: 1
   dt: d
   data: [ -9.8184534925947398e-01, -1.6584843006135875e-02,
       2.7853465425651969e-02 ]
RotateVectorCam2IMU: !!opencv-matrix
   rows: 3
   cols: 1
   dt: d
   data: [ 8.9965656397814911e+01, -4.2657811012740410e-02,
       -2.3306240712445381e-01 ]
RotateMatrixCam2IMU: !!opencv-matrix
   rows: 3
   cols: 3
   dt: d
   data: [ 9.9999144974170961e-01, -7.4695110452078660e-04,
       -4.0672481509404631e-03, 4.0676940220370538e-03,
       5.9637546372425855e-04, 9.9999154906511556e-01,
       -7.4451918508354172e-04, -9.9999954320007256e-01,
       5.9940873310261882e-04 ]
