<?xml version="1.0"?>
<opencv_storage>
<R type_id="opencv-matrix">
  <rows>3</rows>
  <cols>3</cols>
  <dt>d</dt>
  <data>
    9.9999491164705367e-01 2.9968457441135045e-03 1.0934329368470317e-03
    -3.0020684314557475e-03 9.9998394267250412e-01
    4.8064521517278726e-03 -1.0790111835611248e-03
    -4.8097102553045171e-03 9.9998785113726552e-01</data></R>
<T type_id="opencv-matrix">
  <rows>3</rows>
  <cols>1</cols>
  <dt>d</dt>
  <data>
    -1.0001791777897619e+03 1.2768092205746059e-01
    -5.9706525396118826e-01</data></T>
<R1 type_id="opencv-matrix">
  <rows>3</rows>
  <cols>3</cols>
  <dt>d</dt>
  <data>
    9.9999446443373630e-01 2.8663180149203662e-03 1.6897700796466770e-03
    -2.8703728445893784e-03 9.9999299538287589e-01
    2.4021125945296205e-03 -1.6828730248506689e-03
    -2.4069495676263997e-03 9.9999568725678067e-01</data></R1>
<R2 type_id="opencv-matrix">
  <rows>3</rows>
  <cols>3</cols>
  <dt>d</dt>
  <data>
    9.9999981367216195e-01 -1.2765802475375555e-04
    5.9695818108911817e-04 1.2909306226136142e-04 9.9999710086280735e-01
    -2.4044959891243727e-03 -5.9664949721694805e-04
    2.4045726042594708e-03 9.9999693101527476e-01</data></R2>
<P1 type_id="opencv-matrix">
  <rows>3</rows>
  <cols>4</cols>
  <dt>d</dt>
  <data>
    2.3122553820951944e+03 0. 2.0424966354370117e+03 0. 0.
    2.3122553820951944e+03 1.0833294486999512e+03 0. 0. 0. 1. 0.</data></P1>
<P2 type_id="opencv-matrix">
  <rows>3</rows>
  <cols>4</cols>
  <dt>d</dt>
  <data>
    2.3122553820951944e+03 0. 2.0424966354370117e+03
    -2.3126701178187463e+06 0. 2.3122553820951944e+03
    1.0833294486999512e+03 0. 0. 0. 1. 0.</data></P2>
<Q type_id="opencv-matrix">
  <rows>4</rows>
  <cols>4</cols>
  <dt>d</dt>
  <data>
    1. 0. 0. -2.0424966354370117e+03 0. 1. 0. -1.0833294486999512e+03 0.
    0. 0. 2.3122553820951944e+03 0. 0. 9.9982066801470888e-04 0.</data></Q>
</opencv_storage>
